"Sample    : SiO",
"Operator  : Luciana",
"Comment  : 33 - 12107 - nuc",
"Group     : kerr2007ag180cal_lt",
"Date       : 2008-05-29 16:03:17",
"",
"Mesurement Condition",
"------------------------------------------------------------------------------------",
"Instrument : 700HS2   Atmosphere : Vac.   Collimator : 10(mm)   Spin : No",
"------------------------------------------------------------------------------------",
"Analyte               TG kV   uA      FI Acq.(keV)  Anal.(keV)  Time(sec)     DT(%)",
"------------------------------------------------------------------------------------",
"Na                    Rh 50  875-Auto Al  0 - 20    0.8 - 1.2   Live -  180   15",
"",
"<Profile>",
"Channel_info_start",
"Channel : Na",
"Points : 2048",
"Range : 0.000000 - 20.480000",
"Step : 0.010000",
"Channel_info_end",
"0",
"0",
"0",
"0",
"0",
"0",
"0",
"0",
"0",
"0",
"0",
"0",
"0",
"0",
"0",
"0",
"0",
"0",
"0",
"0",
"0",
"0",
"0",
"0",
"0",
"0",
"0",
"0",
"0",
"6",
"17",
"55",
"53",
"51",
"53",
"61",
"42",
"68",
"44",
"62",
"64",
"76",
"57",
"48",
"52",
"55",
"51",
"75",
"47",
"58",
"59",
"50",
"59",
"57",
"54",
"59",
"49",
"60",
"55",
"52",
"72",
"46",
"55",
"62",
"45",
"52",
"64",
"43",
"55",
"48",
"52",
"45",
"48",
"46",
"49",
"49",
"43",
"40",
"47",
"47",
"41",
"47",
"51",
"52",
"51",
"58",
"44",
"48",
"45",
"40",
"41",
"39",
"46",
"49",
"41",
"55",
"47",
"57",
"59",
"50",
"50",
"51",
"42",
"46",
"46",
"46",
"38",
"55",
"54",
"55",
"45",
"51",
"54",
"51",
"40",
"44",
"52",
"39",
"45",
"38",
"60",
"45",
"52",
"48",
"52",
"50",
"44",
"55",
"50",
"60",
"52",
"66",
"52",
"46",
"43",
"55",
"49",
"51",
"48",
"58",
"60",
"64",
"50",
"66",
"69",
"99",
"101",
"96",
"96",
"104",
"92",
"99",
"87",
"77",
"81",
"77",
"90",
"69",
"64",
"83",
"111",
"118",
"186",
"267",
"405",
"607",
"801",
"1092",
"1388",
"1763",
"2026",
"2311",
"2453",
"2541",
"2451",
"2519",
"2117",
"2010",
"1652",
"1402",
"1024",
"869",
"609",
"440",
"328",
"240",
"156",
"149",
"104",
"94",
"73",
"81",
"63",
"46",
"49",
"42",
"30",
"37",
"37",
"36",
"35",
"38",
"37",
"45",
"32",
"27",
"29",
"44",
"38",
"32",
"37",
"35",
"41",
"38",
"40",
"37",
"34",
"43",
"27",
"37",
"47",
"43",
"45",
"45",
"59",
"61",
"73",
"64",
"68",
"98",
"90",
"86",
"71",
"82",
"67",
"71",
"51",
"46",
"62",
"41",
"37",
"41",
"29",
"39",
"40",
"42",
"43",
"43",
"37",
"36",
"35",
"44",
"43",
"48",
"38",
"68",
"69",
"81",
"63",
"90",
"89",
"92",
"89",
"99",
"90",
"88",
"82",
"72",
"83",
"85",
"69",
"76",
"43",
"58",
"48",
"44",
"50",
"63",
"50",
"45",
"25",
"40",
"45",
"54",
"58",
"57",
"48",
"41",
"43",
"40",
"55",
"47",
"42",
"26",
"38",
"43",
"37",
"40",
"30",
"38",
"26",
"28",
"25",
"38",
"25",
"34",
"32",
"36",
"19",
"35",
"27",
"30",
"24",
"24",
"28",
"21",
"25",
"31",
"26",
"17",
"32",
"29",
"26",
"28",
"28",
"37",
"28",
"30",
"28",
"26",
"27",
"32",
"43",
"27",
"37",
"37",
"36",
"36",
"35",
"34",
"31",
"36",
"34",
"35",
"30",
"34",
"24",
"28",
"26",
"32",
"21",
"31",
"31",
"34",
"39",
"39",
"36",
"41",
"38",
"34",
"32",
"51",
"26",
"31",
"44",
"34",
"36",
"39",
"31",
"41",
"32",
"59",
"45",
"45",
"52",
"40",
"37",
"32",
"44",
"46",
"42",
"52",
"43",
"47",
"47",
"53",
"47",
"45",
"38",
"46",
"46",
"67",
"46",
"47",
"50",
"42",
"36",
"51",
"44",
"51",
"52",
"49",
"43",
"42",
"47",
"61",
"49",
"52",
"52",
"55",
"65",
"63",
"63",
"47",
"65",
"52",
"55",
"75",
"64",
"72",
"68",
"61",
"50",
"72",
"67",
"77",
"76",
"79",
"71",
"67",
"66",
"75",
"59",
"61",
"69",
"74",
"85",
"67",
"83",
"95",
"89",
"85",
"84",
"68",
"92",
"76",
"82",
"76",
"74",
"76",
"70",
"88",
"72",
"96",
"91",
"81",
"91",
"92",
"81",
"95",
"92",
"90",
"92",
"104",
"95",
"111",
"84",
"77",
"86",
"79",
"94",
"92",
"111",
"91",
"109",
"92",
"120",
"103",
"112",
"98",
"117",
"118",
"115",
"121",
"121",
"120",
"106",
"101",
"95",
"115",
"109",
"108",
"126",
"125",
"106",
"128",
"89",
"113",
"131",
"128",
"111",
"135",
"131",
"110",
"125",
"113",
"141",
"117",
"125",
"128",
"135",
"131",
"117",
"119",
"134",
"151",
"119",
"136",
"125",
"143",
"141",
"144",
"133",
"144",
"152",
"153",
"152",
"159",
"137",
"143",
"169",
"160",
"191",
"142",
"169",
"206",
"173",
"166",
"137",
"159",
"179",
"199",
"191",
"176",
"158",
"178",
"182",
"174",
"192",
"166",
"185",
"178",
"175",
"171",
"178",
"165",
"189",
"150",
"199",
"170",
"159",
"177",
"149",
"152",
"184",
"169",
"180",
"194",
"169",
"174",
"209",
"165",
"195",
"193",
"181",
"216",
"174",
"192",
"205",
"195",
"214",
"198",
"218",
"186",
"205",
"222",
"211",
"225",
"221",
"227",
"227",
"221",
"208",
"221",
"221",
"245",
"238",
"208",
"209",
"230",
"254",
"209",
"236",
"245",
"238",
"231",
"218",
"236",
"226",
"259",
"237",
"200",
"218",
"241",
"215",
"265",
"273",
"268",
"237",
"235",
"248",
"243",
"241",
"240",
"240",
"268",
"293",
"272",
"249",
"307",
"296",
"311",
"310",
"312",
"326",
"322",
"307",
"313",
"329",
"353",
"362",
"334",
"350",
"345",
"334",
"333",
"319",
"325",
"293",
"308",
"326",
"314",
"350",
"339",
"298",
"354",
"283",
"311",
"288",
"321",
"350",
"296",
"310",
"323",
"282",
"339",
"318",
"314",
"366",
"313",
"326",
"327",
"306",
"326",
"329",
"280",
"357",
"372",
"298",
"309",
"347",
"341",
"336",
"314",
"335",
"323",
"307",
"350",
"318",
"337",
"327",
"311",
"390",
"341",
"318",
"339",
"305",
"337",
"328",
"321",
"353",
"351",
"348",
"344",
"328",
"333",
"322",
"354",
"354",
"336",
"328",
"356",
"322",
"336",
"326",
"357",
"353",
"366",
"323",
"342",
"325",
"384",
"327",
"333",
"384",
"328",
"317",
"361",
"342",
"350",
"329",
"339",
"377",
"331",
"292",
"357",
"363",
"329",
"330",
"353",
"325",
"310",
"344",
"341",
"388",
"383",
"375",
"357",
"355",
"344",
"347",
"344",
"364",
"366",
"348",
"373",
"308",
"364",
"335",
"322",
"365",
"385",
"357",
"388",
"347",
"367",
"357",
"338",
"386",
"366",
"370",
"345",
"363",
"349",
"342",
"400",
"363",
"388",
"385",
"350",
"363",
"355",
"389",
"411",
"389",
"381",
"399",
"414",
"385",
"432",
"357",
"427",
"412",
"415",
"419",
"420",
"398",
"474",
"444",
"437",
"451",
"456",
"433",
"518",
"469",
"495",
"471",
"517",
"530",
"528",
"484",
"428",
"453",
"491",
"405",
"438",
"431",
"397",
"367",
"407",
"378",
"385",
"369",
"385",
"361",
"401",
"351",
"355",
"366",
"364",
"388",
"365",
"358",
"374",
"367",
"355",
"337",
"327",
"340",
"314",
"385",
"344",
"337",
"374",
"334",
"361",
"354",
"357",
"337",
"360",
"340",
"329",
"341",
"376",
"353",
"407",
"398",
"376",
"373",
"370",
"384",
"392",
"416",
"409",
"449",
"406",
"371",
"402",
"381",
"444",
"407",
"410",
"370",
"379",
"384",
"396",
"347",
"387",
"349",
"370",
"375",
"377",
"355",
"317",
"352",
"388",
"355",
"347",
"376",
"335",
"334",
"363",
"365",
"356",
"354",
"356",
"362",
"329",
"385",
"348",
"385",
"353",
"347",
"348",
"357",
"356",
"319",
"313",
"339",
"382",
"342",
"357",
"342",
"333",
"336",
"343",
"329",
"388",
"347",
"353",
"353",
"355",
"332",
"378",
"392",
"398",
"336",
"360",
"359",
"373",
"384",
"345",
"356",
"351",
"344",
"341",
"365",
"387",
"335",
"349",
"354",
"336",
"343",
"351",
"358",
"352",
"385",
"364",
"329",
"342",
"351",
"386",
"362",
"358",
"312",
"339",
"386",
"337",
"375",
"307",
"358",
"351",
"344",
"345",
"361",
"335",
"349",
"382",
"322",
"357",
"349",
"372",
"364",
"360",
"323",
"379",
"342",
"388",
"357",
"338",
"360",
"359",
"349",
"316",
"350",
"360",
"304",
"342",
"351",
"341",
"355",
"381",
"341",
"353",
"364",
"332",
"367",
"336",
"331",
"336",
"374",
"380",
"374",
"374",
"371",
"345",
"341",
"359",
"358",
"355",
"343",
"347",
"353",
"323",
"342",
"370",
"364",
"366",
"360",
"326",
"356",
"371",
"356",
"369",
"318",
"375",
"340",
"376",
"352",
"312",
"362",
"360",
"355",
"385",
"329",
"338",
"333",
"414",
"354",
"376",
"350",
"356",
"353",
"367",
"380",
"329",
"356",
"347",
"318",
"348",
"373",
"338",
"329",
"386",
"370",
"358",
"379",
"358",
"296",
"362",
"319",
"356",
"330",
"387",
"352",
"350",
"363",
"326",
"379",
"377",
"349",
"357",
"330",
"364",
"354",
"400",
"355",
"366",
"347",
"329",
"337",
"338",
"362",
"357",
"361",
"329",
"336",
"374",
"370",
"344",
"326",
"374",
"386",
"353",
"334",
"343",
"355",
"383",
"311",
"334",
"389",
"342",
"350",
"379",
"387",
"319",
"319",
"355",
"377",
"343",
"369",
"322",
"351",
"357",
"321",
"345",
"322",
"352",
"330",
"339",
"342",
"361",
"379",
"347",
"302",
"351",
"363",
"347",
"322",
"379",
"325",
"320",
"345",
"344",
"330",
"312",
"351",
"339",
"372",
"354",
"352",
"366",
"345",
"327",
"356",
"342",
"325",
"349",
"366",
"341",
"363",
"344",
"334",
"371",
"316",
"310",
"318",
"340",
"349",
"352",
"327",
"370",
"313",
"340",
"339",
"337",
"309",
"313",
"361",
"343",
"333",
"372",
"317",
"381",
"387",
"390",
"388",
"399",
"412",
"397",
"414",
"469",
"415",
"448",
"465",
"507",
"498",
"514",
"528",
"511",
"530",
"511",
"568",
"518",
"466",
"500",
"467",
"489",
"477",
"425",
"457",
"443",
"424",
"430",
"420",
"375",
"371",
"375",
"364",
"374",
"302",
"314",
"350",
"321",
"365",
"337",
"342",
"347",
"313",
"335",
"314",
"343",
"326",
"336",
"329",
"289",
"329",
"320",
"316",
"342",
"304",
"321",
"330",
"296",
"328",
"335",
"319",
"322",
"312",
"291",
"355",
"293",
"277",
"288",
"313",
"377",
"310",
"303",
"360",
"342",
"320",
"323",
"332",
"315",
"319",
"326",
"316",
"307",
"289",
"335",
"344",
"340",
"281",
"291",
"317",
"332",
"293",
"322",
"339",
"312",
"308",
"293",
"335",
"310",
"338",
"302",
"303",
"334",
"276",
"298",
"306",
"329",
"329",
"304",
"297",
"329",
"315",
"349",
"350",
"320",
"305",
"333",
"317",
"321",
"310",
"344",
"277",
"311",
"323",
"305",
"310",
"303",
"319",
"316",
"333",
"289",
"311",
"314",
"320",
"290",
"288",
"282",
"335",
"317",
"287",
"322",
"323",
"337",
"326",
"333",
"337",
"319",
"334",
"334",
"325",
"315",
"319",
"313",
"316",
"328",
"315",
"314",
"361",
"323",
"307",
"316",
"287",
"284",
"319",
"282",
"306",
"313",
"284",
"317",
"349",
"331",
"276",
"298",
"289",
"326",
"295",
"304",
"316",
"337",
"299",
"271",
"300",
"343",
"308",
"297",
"328",
"326",
"282",
"298",
"282",
"276",
"316",
"347",
"288",
"305",
"284",
"287",
"320",
"292",
"280",
"273",
"289",
"286",
"280",
"290",
"282",
"278",
"282",
"287",
"260",
"290",
"256",
"283",
"276",
"294",
"271",
"272",
"289",
"298",
"258",
"281",
"305",
"289",
"303",
"275",
"272",
"292",
"253",
"252",
"292",
"281",
"288",
"294",
"305",
"290",
"258",
"263",
"277",
"285",
"330",
"306",
"271",
"268",
"284",
"295",
"283",
"275",
"251",
"314",
"258",
"248",
"299",
"284",
"255",
"283",
"252",
"282",
"269",
"304",
"276",
"262",
"276",
"286",
"258",
"239",
"273",
"272",
"245",
"317",
"276",
"259",
"300",
"267",
"256",
"296",
"270",
"289",
"289",
"270",
"244",
"269",
"274",
"275",
"264",
"249",
"249",
"276",
"264",
"272",
"287",
"284",
"253",
"231",
"247",
"290",
"251",
"245",
"259",
"275",
"251",
"246",
"274",
"249",
"267",
"284",
"267",
"262",
"246",
"271",
"249",
"262",
"256",
"265",
"273",
"269",
"288",
"224",
"286",
"256",
"273",
"270",
"272",
"269",
"218",
"318",
"274",
"270",
"254",
"267",
"277",
"274",
"225",
"251",
"247",
"265",
"216",
"251",
"277",
"270",
"274",
"255",
"249",
"268",
"269",
"232",
"262",
"249",
"231",
"232",
"266",
"233",
"233",
"225",
"252",
"262",
"226",
"269",
"263",
"241",
"246",
"248",
"278",
"273",
"249",
"261",
"240",
"281",
"237",
"236",
"265",
"272",
"253",
"249",
"266",
"249",
"243",
"274",
"244",
"275",
"240",
"224",
"250",
"238",
"240",
"278",
"274",
"243",
"268",
"253",
"236",
"221",
"238",
"250",
"273",
"238",
"254",
"220",
"244",
"243",
"264",
"254",
"260",
"255",
"211",
"269",
"236",
"267",
"253",
"237",
"219",
"253",
"225",
"223",
"256",
"230",
"215",
"240",
"236",
"258",
"217",
"272",
"240",
"240",
"233",
"262",
"262",
"252",
"263",
"224",
"268",
"231",
"211",
"245",
"252",
"224",
"243",
"230",
"216",
"229",
"219",
"238",
"246",
"265",
"225",
"237",
"258",
"200",
"215",
"232",
"254",
"235",
"258",
"231",
"231",
"238",
"226",
"252",
"263",
"245",
"216",
"231",
"248",
"228",
"221",
"238",
"250",
"254",
"226",
"263",
"232",
"213",
"221",
"245",
"252",
"259",
"231",
"239",
"255",
"230",
"270",
"218",
"256",
"236",
"236",
"245",
"230",
"253",
"231",
"209",
"244",
"232",
"220",
"233",
"228",
"215",
"221",
"219",
"237",
"246",
"226",
"248",
"211",
"231",
"225",
"247",
"237",
"228",
"220",
"228",
"224",
"246",
"236",
"197",
"210",
"220",
"232",
"238",
"240",
"228",
"239",
"230",
"219",
"232",
"232",
"241",
"223",
"232",
"229",
"246",
"209",
"223",
"237",
"210",
"240",
"255",
"198",
"189",
"246",
"240",
"235",
"233",
"232",
"217",
"241",
"211",
"239",
"222",
"224",
"226",
"218",
"231",
"226",
"206",
"253",
"208",
"202",
"232",
"222",
"241",
"230",
"226",
"213",
"245",
"210",
"225",
"244",
"239",
"231",
"222",
"217",
"210",
"220",
"209",
"231",
"214",
"237",
"225",
"232",
"228",
"210",
"244",
"220",
"201",
"194",
"202",
"245",
"222",
"239",
"274",
"265",
"233",
"218",
"211",
"209",
"241",
"216",
"221",
"214",
"245",
"217",
"230",
"263",
"267",
"247",
"250",
"238",
"246",
"222",
"233",
"268",
"214",
"253",
"218",
"224",
"232",
"209",
"239",
"255",
"261",
"219",
"230",
"271",
"254",
"229",
"290",
"210",
"218",
"249",
"231",
"277",
"238",
"242",
"235",
"249",
"239",
"237",
"253",
"243",
"241",
"225",
"250",
"229",
"272",
"229",
"255",
"238",
"266",
"241",
"269",
"273",
"270",
"252",
"239",
"275",
"288",
"258",
"290",
"276",
"274",
"277",
"270",
"264",
"296",
"269",
"253",
"275",
"288",
"276",
"269",
"292",
"310",
"272",
"298",
"308",
"290",
"291",
"321",
"300",
"320",
"300",
"286",
"315",
"339",
"311",
"353",
"336",
"331",
"296",
"360",
"366",
"373",
"381",
"377",
"365",
"398",
"406",
"429",
"424",
"452",
"428",
"495",
"478",
"515",
"501",
"574",
"560",
"611",
"564",
"615",
"637",
"673",
"643",
"652",
"772",
"780",
"781",
"755",
"828",
"875",
"912",
"894",
"1019",
"1044",
"1048",
"1103",
"1145",
"1117",
"1223",
"1236",
"1248",
"1342",
"1365",
"1404",
"1495",
"1506",
"1498",
"1468",
"1560",
"1567",
"1590",
"1546",
"1692",
"1680",
"1593",
"1627",
"1853",
"1696",
"1650",
"1722",
"1735",
"1630",
"1676",
"1667",
"1701",
"1731",
"1610",
"1591",
"1662",
"1536",
"1580",
"1492",
"1470",
"1492",
"1379",
"1353",
"1327",
"1356",
"1212",
"1183",
"1179",
"1205",
"1146",
"1086",
"1092",
"1056",
"973",
"943",
"941",
"866",
"843",
"793",
"772",
"739",
"740",
"669",
"652",
"667",
"593",
"555",
"567",
"585",
"534",
"498",
"487",
"489",
"432",
"410",
"440",
"410",
"397",
"372",
"414",
"387",
"365",
"359",
"377",
"366",
"367",
"330",
"375",
"355",
"337",
"337",
"342",
"365",
"353",
"359",
"396",
"417",
"373",
"439",
"426",
"453",
"446",
"456",
"505",
"505",
"532",
"550",
"522",
"542",
"535",
"557",
"562",
"652",
"613",
"582",
"648",
"570",
"563",
"576",
"589",
"599",
"543",
"490",
"562",
"523",
"466",
"496",
"448",
"422",
"454",
"394",
"414",
"343",
"400",
"331",
"355",
"321",
"312",
"250",
"294",
"292",
"255",
"220",
"246",
"215",
"235",
"218",
"215",
"216",
"208",
"114910",
"Channel_info_start",
"Channel : Mg",
"Points : 0",
"Range : 0.000000 - 0.000000",
"Step : 0.010000",
"Channel_info_end",
"Channel_info_start",
"Channel : Al",
"Points : 0",
"Range : 0.000000 - 0.000000",
"Step : 0.010000",
"Channel_info_end",
"Channel_info_start",
"Channel : Si",
"Points : 0",
"Range : 0.000000 - 0.000000",
"Step : 0.010000",
"Channel_info_end",
"Channel_info_start",
"Channel : P ",
"Points : 0",
"Range : 0.000000 - 0.000000",
"Step : 0.010000",
"Channel_info_end",
"Channel_info_start",
"Channel : S ",
"Points : 0",
"Range : 0.000000 - 0.000000",
"Step : 0.010000",
"Channel_info_end",
"Channel_info_start",
"Channel : Cl",
"Points : 0",
"Range : 0.000000 - 0.000000",
"Step : 0.010000",
"Channel_info_end",
"Channel_info_start",
"Channel : K ",
"Points : 0",
"Range : 0.000000 - 0.000000",
"Step : 0.010000",
"Channel_info_end",
"Channel_info_start",
"Channel : Ca",
"Points : 0",
"Range : 0.000000 - 0.000000",
"Step : 0.010000",
"Channel_info_end",
"Channel_info_start",
"Channel : Ti",
"Points : 0",
"Range : 0.000000 - 0.000000",
"Step : 0.010000",
"Channel_info_end",
"Channel_info_start",
"Channel : V ",
"Points : 0",
"Range : 0.000000 - 0.000000",
"Step : 0.010000",
"Channel_info_end",
"Channel_info_start",
"Channel : Cr",
"Points : 0",
"Range : 0.000000 - 0.000000",
"Step : 0.010000",
"Channel_info_end",
"Channel_info_start",
"Channel : Mn",
"Points : 0",
"Range : 0.000000 - 0.000000",
"Step : 0.010000",
"Channel_info_end",
"Channel_info_start",
"Channel : Fe",
"Points : 0",
"Range : 0.000000 - 0.000000",
"Step : 0.010000",
"Channel_info_end",
"Channel_info_start",
"Channel : Cu",
"Points : 0",
"Range : 0.000000 - 0.000000",
"Step : 0.010000",
"Channel_info_end",
"Channel_info_start",
"Channel : Zn",
"Points : 0",
"Range : 0.000000 - 0.000000",
"Step : 0.010000",
"Channel_info_end",
"Channel_info_start",
"Channel : Sr",
"Points : 0",
"Range : 0.000000 - 0.000000",
"Step : 0.010000",
"Channel_info_end",
"Channel_info_start",
"Channel : Pb",
"Points : 0",
"Range : 0.000000 - 0.000000",
"Step : 0.010000",
"Channel_info_end",
"",
"Qualitative Result",
"--------------------------------------------------------------------------------",
"Element :  Al, Si, S , Ru",
"",
"Peak List",
"--------------------------------------------------------------------------------",
"Channel               Line        keV     Net Int.(cps/uA)",
"--------------------------------------------------------------------------------",
"Na                    AlKa         1.46     0.004",
"                      SiKa         1.74     0.183",
"                      S Ka         2.30     0.005",
"                      RuLa         2.62     0.005",
"                      ----         8.08     0.020",
"                      ----        11.90     0.023",
"                      RuKa        19.20     0.179",
"                      ----        19.49     0.082",
"                      ----        20.02     0.032",
"--------------------------------------------------------------------------------",
"",
"Quantitative Result",
"--------------------------------------------------------------------------------",
"Analyte               Result             Std.Dev. Proc.-Calc. Line Intensity(cps/uA)",
"--------------------------------------------------------------------------------",
"====[No. 1 Layer]====< Layer1               >===============================",
"Layer1                   0.000 ug/cm2    -------- Flux       -------- --------",
