
Factor Profiles (conc. of species) from Base Run #9 (Convergent Run)

,,Factor 1,Factor 2,Factor 3,Factor 4,Factor 5,Factor 6
9,mass,8.769100E+000,3.652000E-001,1.062200E+001,4.436500E+000,4.605900E+000,3.099300E+001
9,Na,0.000000E+000,9.314900E-003,0.000000E+000,1.796500E-001,6.363700E-002,0.000000E+000
9,Mg,1.723000E-001,1.120400E-002,0.000000E+000,2.327100E-003,2.214700E-002,2.052700E-001
9,Al,7.985200E-001,2.807000E-002,5.383100E-002,9.104400E-003,6.427400E-002,2.005100E+000
9,Si,1.897500E+000,4.686600E-002,7.219000E-002,0.000000E+000,1.621900E-001,4.472600E+000
9,P,3.074800E-003,0.000000E+000,2.546200E-003,0.000000E+000,1.136900E-002,5.130900E-003
9,S,1.245600E-001,2.669100E-002,1.425000E-001,9.060500E-002,3.782900E-001,0.000000E+000
9,Cl,3.078900E-001,0.000000E+000,0.000000E+000,2.674400E-001,0.000000E+000,0.000000E+000
9,K,1.136200E-001,2.251900E-002,3.455200E-001,1.204100E-001,2.535600E-001,5.497900E-001
9,Ca,0.000000E+000,0.000000E+000,4.418500E-003,9.903700E-002,0.000000E+000,9.884400E-001
9,Ti,3.650700E-002,9.908800E-004,2.059900E-003,4.758700E-003,1.956000E-003,1.436900E-001
9,V,3.103300E-004,2.641500E-005,5.232400E-004,3.350700E-004,2.402100E-004,2.500000E-003
9,Mn,7.388200E-003,1.314900E-004,2.404200E-003,5.940100E-004,5.814300E-004,1.802400E-002
9,Fe,2.733600E-001,2.985900E-003,4.361400E-002,5.493600E-002,1.506600E-002,1.301800E+000
9,Zn,0.000000E+000,1.412800E-003,1.309500E-002,5.711200E-003,1.810300E-003,1.144500E-002
9,Br,4.160800E-003,1.889900E-002,0.000000E+000,3.957200E-003,0.000000E+000,0.000000E+000
9,Pb,8.324200E-004,1.100000E-003,8.443200E-003,3.234600E-003,0.000000E+000,3.924800E-003
9,BC,2.804200E-001,0.000000E+000,2.277900E+000,4.580000E-001,9.263600E-002,0.000000E+000

Factor Profiles (% of species sum) from Base Run #9 (Convergent Run)

,,Factor 1,Factor 2,Factor 3,Factor 4,Factor 5,Factor 6
9,mass,1.466608E+001,6.107871E-001,1.776501E+001,7.419926E+000,7.703243E+000,5.183495E+001
9,Na,0.000000E+000,3.687581E+000,0.000000E+000,7.111981E+001,2.519261E+001,0.000000E+000
9,Mg,4.169408E+001,2.711204E+000,0.000000E+000,5.631242E-001,5.359250E+000,4.967234E+001
9,Al,2.698706E+001,9.486635E-001,1.819291E+000,3.076955E-001,2.172227E+000,6.776506E+001
9,Si,2.852806E+001,7.046093E-001,1.085344E+000,0.000000E+000,2.438454E+000,6.724353E+001
9,P,1.389998E+001,0.000000E+000,1.151038E+001,0.000000E+000,5.139484E+001,2.319481E+001
9,S,1.633261E+001,3.499789E+000,1.868495E+001,1.188035E+001,4.960231E+001,0.000000E+000
9,Cl,5.351537E+001,0.000000E+000,0.000000E+000,4.648463E+001,0.000000E+000,0.000000E+000
9,K,8.084422E+000,1.602298E+000,2.458484E+001,8.567552E+000,1.804160E+001,3.911929E+001
9,Ca,0.000000E+000,0.000000E+000,4.046633E-001,9.070190E+000,0.000000E+000,9.052515E+001
9,Ti,1.921801E+001,5.216188E-001,1.084372E+000,2.505074E+000,1.029677E+000,7.564125E+001
9,V,7.885873E+000,6.712381E-001,1.329618E+001,8.514547E+000,6.104036E+000,6.352812E+001
9,Mn,2.536867E+001,4.514937E-001,8.255238E+000,2.039636E+000,1.996441E+000,6.188853E+001
9,Fe,1.615830E+001,1.764965E-001,2.578022E+000,3.247266E+000,8.905509E-001,7.694936E+001
9,Zn,0.000000E+000,4.220551E+000,3.911956E+001,1.706145E+001,5.408030E+000,3.419041E+001
9,Br,1.540067E+001,6.995226E+001,0.000000E+000,1.464707E+001,0.000000E+000,0.000000E+000
9,Pb,4.747186E+000,6.273161E+000,4.815050E+001,1.844651E+001,0.000000E+000,2.238264E+001
9,BC,9.019748E+000,0.000000E+000,7.326897E+001,1.473163E+001,2.979650E+000,0.000000E+000

Factor Profiles (% of total variable) from Base Run #9 (Convergent Run)

,,Factor 1,Factor 2,Factor 3,Factor 4,Factor 5,Factor 6
9,mass,*,*,*,*,*,*
9,Na,0.000000E+000,2.550630E+000,0.000000E+000,4.049363E+000,1.381641E+000,0.000000E+000
9,Mg,1.964854E+000,3.067908E+000,0.000000E+000,5.245351E-002,4.808398E-001,6.623108E-001
9,Al,9.106066E+000,7.686199E+000,5.067878E-001,2.052158E-001,1.395471E+000,6.469525E+000
9,Si,2.163848E+001,1.283297E+001,6.796272E-001,0.000000E+000,3.521353E+000,1.443100E+001
9,P,3.506403E-002,0.000000E+000,2.397100E-002,0.000000E+000,2.468356E-001,1.655503E-002
9,S,1.420442E+000,7.308598E+000,1.341555E+000,2.042263E+000,8.213161E+000,0.000000E+000
9,Cl,3.511079E+000,0.000000E+000,0.000000E+000,6.028175E+000,0.000000E+000,0.000000E+000
9,K,1.295686E+000,6.166210E+000,3.252872E+000,2.714077E+000,5.505113E+000,1.773917E+000
9,Ca,0.000000E+000,0.000000E+000,4.159763E-002,2.232323E+000,0.000000E+000,3.189236E+000
9,Ti,4.163141E-001,2.713253E-001,1.939277E-002,1.072625E-001,4.246727E-002,4.636208E-001
9,V,3.538904E-003,7.233023E-003,4.926003E-003,7.552575E-003,5.215267E-003,8.066338E-003
9,Mn,8.425266E-002,3.600493E-002,2.263416E-002,1.338916E-002,1.262359E-002,5.815507E-002
9,Fe,3.117310E+000,8.176068E-001,4.106006E-001,1.238273E+000,3.271022E-001,4.200303E+000
9,Zn,0.000000E+000,3.868565E-001,1.232819E-001,1.287321E-001,3.930394E-002,3.692769E-002
9,Br,4.744843E-002,5.174973E+000,0.000000E+000,8.919644E-002,0.000000E+000,0.000000E+000
9,Pb,9.492651E-003,3.012048E-001,7.948785E-002,7.290883E-002,0.000000E+000,1.266351E-002
9,BC,3.197820E+000,0.000000E+000,2.144511E+001,1.032345E+001,2.011246E+000,0.000000E+000
