
Factor Profiles (conc. of species) from Base Run #6 (Convergent Run)

,,Factor 1,Factor 2,Factor 3,Factor 4,Factor 5,Factor 6
6,mass,1.526500E+001,7.062000E+000,3.076700E+000,1.587500E+001,3.172700E+000,1.543300E+000
6,Na,0.000000E+000,0.000000E+000,4.597100E-001,7.442600E-003,0.000000E+000,0.000000E+000
6,Mg,1.670600E-001,3.103600E-002,5.190600E-002,7.727700E-002,6.395700E-004,0.000000E+000
6,Al,9.990500E-001,2.180500E-001,3.380100E-002,4.587700E-001,2.443300E-002,5.254600E-001
6,Si,2.496200E+000,5.930500E-001,1.216500E-001,1.775700E+000,0.000000E+000,7.474800E-001
6,P,1.970400E-003,0.000000E+000,8.874200E-004,2.376800E-004,3.297200E-003,1.203400E-002
6,S,2.037200E-002,2.002900E-003,3.090400E-002,0.000000E+000,1.303500E-001,0.000000E+000
6,Cl,1.484800E-001,2.429500E-001,8.829300E-001,0.000000E+000,9.398700E-002,1.213300E-001
6,K,1.523700E-001,0.000000E+000,0.000000E+000,1.341600E-001,1.729600E-001,2.850600E-002
6,Ca,4.870000E-001,5.052500E-001,2.926700E-002,5.657600E-001,9.889900E-002,0.000000E+000
6,Ti,7.334600E-002,2.994000E-002,1.745300E-003,4.929600E-002,3.717500E-003,2.916900E-002
6,V,1.177700E-003,4.522200E-004,3.074800E-005,1.424700E-003,1.197700E-004,9.493100E-005
6,Mn,1.146700E-002,3.849200E-003,3.822600E-004,1.135600E-002,0.000000E+000,5.588000E-004
6,Fe,6.395600E-001,1.668700E-001,7.543800E-002,7.501600E-001,2.176000E-002,2.880500E-001
6,Zn,0.000000E+000,3.891700E-003,1.299600E-004,1.670100E-003,6.109500E-003,6.031800E-003
6,Br,4.716600E-004,0.000000E+000,1.054800E-003,2.859500E-004,2.682400E-003,1.233100E-004
6,Pb,8.591500E-004,5.081200E-004,1.880100E-004,1.319100E-003,1.934100E-003,9.508100E-004

Factor Profiles (% of species sum) from Base Run #6 (Convergent Run)

,,Factor 1,Factor 2,Factor 3,Factor 4,Factor 5,Factor 6
6,mass,3.318861E+001,1.535394E+001,6.689249E+000,3.451485E+001,6.897969E+000,3.355386E+000
6,Na,0.000000E+000,0.000000E+000,9.840681E+001,1.593184E+000,0.000000E+000,0.000000E+000
6,Mg,5.094558E+001,9.464545E+000,1.582893E+001,2.356591E+001,1.950393E-001,0.000000E+000
6,Al,4.421428E+001,9.650092E+000,1.495908E+000,2.030347E+001,1.081315E+000,2.325493E+001
6,Si,4.353270E+001,1.034255E+001,2.121526E+000,3.096748E+001,0.000000E+000,1.303574E+001
6,P,1.069318E+001,0.000000E+000,4.815947E+000,1.289867E+000,1.789360E+001,6.530740E+001
6,S,1.109411E+001,1.090732E+000,1.682960E+001,0.000000E+000,7.098556E+001,0.000000E+000
6,Cl,9.967261E+000,1.630890E+001,5.926989E+001,0.000000E+000,6.309220E+000,8.144718E+000
6,K,3.122362E+001,0.000000E+000,0.000000E+000,2.749203E+001,3.544291E+001,5.841441E+000
6,Ca,2.888192E+001,2.996425E+001,1.735703E+000,3.355285E+001,5.865283E+000,0.000000E+000
6,Ti,3.917767E+001,1.599241E+001,9.322497E-001,2.633139E+001,1.985698E+000,1.558058E+001
6,V,3.568713E+001,1.370335E+001,9.317381E-001,4.317183E+001,3.629318E+000,2.876637E+000
6,Mn,4.152715E+001,1.393968E+001,1.384335E+000,4.112517E+001,0.000000E+000,2.023665E+000
6,Fe,3.293581E+001,8.593405E+000,3.884876E+000,3.863144E+001,1.120588E+000,1.483388E+001
6,Zn,0.000000E+000,2.182295E+001,7.287588E-001,9.365191E+000,3.425940E+001,3.382370E+001
6,Br,1.021325E+001,0.000000E+000,2.284046E+001,6.191914E+000,5.808424E+001,2.670134E+000
6,Pb,1.491764E+001,8.822616E+000,3.264465E+000,2.290387E+001,3.358226E+001,1.650915E+001

Factor Profiles (% of total variable) from Base Run #6 (Convergent Run)

,,Factor 1,Factor 2,Factor 3,Factor 4,Factor 5,Factor 6
6,mass,*,*,*,*,*,*
6,Na,0.000000E+000,0.000000E+000,1.494166E+001,4.688252E-002,0.000000E+000,0.000000E+000
6,Mg,1.094399E+000,4.394789E-001,1.687067E+000,4.867842E-001,2.015854E-002,0.000000E+000
6,Al,6.544710E+000,3.087652E+000,1.098612E+000,2.889890E+000,7.701012E-001,3.404782E+001
6,Si,1.635244E+001,8.397762E+000,3.953912E+000,1.118551E+001,0.000000E+000,4.843388E+001
6,P,1.290796E-002,0.000000E+000,2.884324E-002,1.497197E-003,1.039241E-001,7.797577E-001
6,S,1.334556E-001,2.836165E-002,1.004453E+000,0.000000E+000,4.108488E+000,0.000000E+000
6,Cl,9.726826E-001,3.440243E+000,2.869731E+001,0.000000E+000,2.962366E+000,7.861725E+000
6,K,9.981657E-001,0.000000E+000,0.000000E+000,8.451024E-001,5.451508E+000,1.847081E+000
6,Ca,3.190305E+000,7.154489E+000,9.512464E-001,3.563843E+000,3.117187E+000,0.000000E+000
6,Ti,4.804848E-001,4.239592E-001,5.672636E-002,3.105260E-001,1.171715E-001,1.890041E+000
6,V,7.715034E-003,6.403568E-003,9.993825E-004,8.974488E-003,3.775018E-003,6.151170E-003
6,Mn,7.511955E-002,5.450581E-002,1.242435E-002,7.153386E-002,0.000000E+000,3.620813E-002
6,Fe,4.189715E+000,2.362928E+000,2.451913E+000,4.725417E+000,6.858512E-001,1.866455E+001
6,Zn,0.000000E+000,5.510762E-002,4.224006E-003,1.052031E-002,1.925647E-001,3.908378E-001
6,Br,3.089813E-003,0.000000E+000,3.428349E-002,1.801260E-003,8.454628E-002,7.990021E-003
6,Pb,5.628235E-003,7.195129E-003,6.110768E-003,8.309292E-003,6.096070E-002,6.160889E-002
